0.867151 	0.494088  	0.062670  	-0.052670 	0.216095  	-0.974957 	-0.495254 	0.842135  	0.213410
0.960281 	-0.278115 	0.022653  	0.039600  	0.216183  	0.975556  	-0.276212 	-0.935911 	0.218609
0.715167 	-0.510007 	0.477948  	-0.303973 	0.388802  	0.869738  	-0.629398 	-0.767291 	0.123030
0.386146 	0.281178  	0.878544  	-0.450382 	0.888641  	-0.086452 	-0.805020 	-0.362294 	0.469781
